# current (A), Resitance (a.u.)
1.000000000000000048e-04 -6.241967900000000265e-04
2.000000000000000096e-04 -5.633193249999999533e-04
3.000000000000000279e-04 -5.868087120000000517e-04
4.000000000000000192e-04 -5.789465660000000114e-04
5.000000000000000104e-04 -5.241519079999999936e-04
6.000000000000000559e-04 -4.925967889999999759e-04
7.000000000000001013e-04 -5.465640860000000158e-04
8.000000000000000383e-04 -5.593324889999999475e-04
9.000000000000000838e-04 -5.652292040000000441e-04
1.000000000000000021e-03 -5.300259099999999907e-04
1.100000000000000066e-03 -5.282703229999999653e-04
1.200000000000000112e-03 -5.134189120000000111e-04
1.300000000000000157e-03 -5.459717509999999479e-04
1.400000000000000203e-03 -5.530894889999999871e-04
1.500000000000000031e-03 -6.171588940000000351e-04
1.600000000000000077e-03 -5.967071690000000069e-04
1.700000000000000122e-03 -5.386660129999999843e-04
1.800000000000000168e-03 -6.184884070000000456e-04
1.900000000000000213e-03 -5.893219699999999910e-04
2.000000000000000042e-03 -5.881989469999999651e-04
2.100000000000000304e-03 -5.724443299999999518e-04
2.200000000000000133e-03 -6.189034480000000192e-04
2.300000000000000395e-03 -5.795279639999999797e-04
2.400000000000000223e-03 -5.911276200000000099e-04
2.500000000000000052e-03 -5.739027509999999757e-04
2.600000000000000314e-03 -5.883263840000000017e-04
2.700000000000000143e-03 -5.370872440000000036e-04
2.800000000000000405e-03 -5.542865580000000186e-04
2.900000000000000234e-03 -5.531040430000000539e-04
3.000000000000000062e-03 -5.133030750000000270e-04
3.100000000000000325e-03 3.778861580000000053e+00
3.200000000000000153e-03 3.768205070000000045e+00
3.300000000000000416e-03 3.762010919999999814e+00
3.400000000000000244e-03 3.757123640000000098e+00
3.500000000000000073e-03 3.753575459999999975e+00
3.600000000000000335e-03 3.750449029999999961e+00
3.700000000000000164e-03 3.747785850000000085e+00
3.800000000000000426e-03 3.745192410000000027e+00
3.900000000000000255e-03 3.743089209999999945e+00
4.000000000000000083e-03 3.741091690000000192e+00
4.100000000000000346e-03 3.739082569999999883e+00
4.200000000000000608e-03 3.736789379999999827e+00
4.300000000000000003e-03 3.735144019999999898e+00
4.400000000000000265e-03 3.733010699999999904e+00
4.500000000000000527e-03 3.731561639999999791e+00
4.600000000000000790e-03 3.730110890000000179e+00
4.700000000000000185e-03 3.728692039999999874e+00
4.800000000000000447e-03 3.727389319999999895e+00
4.900000000000000709e-03 3.725966909999999910e+00
5.000000000000000104e-03 3.724735180000000145e+00
