# current (A), Resitance (a.u.)
1.000000000000000048e-04 -5.983179790000000024e-04
1.183673469387755195e-04 -5.077482329999999681e-04
1.367346938775510206e-04 -6.096757080000000505e-04
1.551020408163265624e-04 -5.519806599999999485e-04
1.734693877551020500e-04 -6.472725379999999702e-04
1.918367346938775646e-04 -6.209122830000000015e-04
2.102040816326531064e-04 -6.005188760000000495e-04
2.285714285714285940e-04 -5.929433070000000383e-04
2.469387755102041087e-04 -5.781633010000000175e-04
2.653061224489795963e-04 -6.252054850000000018e-04
2.836734693877551380e-04 -5.700970490000000076e-04
3.020408163265306256e-04 -5.582599110000000149e-04
3.204081632653062216e-04 -5.368539760000000079e-04
3.387755102040816550e-04 1.066365510000000065e-02
3.571428571428571968e-04 1.652259450000000129e-02
3.755102040816326843e-04 2.259393430000000008e-02
3.938775510204081719e-04 2.884041479999999852e-02
4.122448979591837679e-04 3.636937169999999997e-02
4.306122448979592013e-04 4.565336440000000023e-02
4.489795918367347431e-04 8.914466899999999860e-01
4.673469387755102848e-04 9.278953559999999490e-01
4.857142857142857182e-04 9.643608719999999801e-01
5.040816326530613142e-04 1.000935429999999959e+00
5.224489795918368018e-04 1.037642619999999960e+00
5.408163265306122893e-04 1.075490080000000015e+00
5.591836734693878853e-04 1.112184410000000012e+00
5.775510204081632645e-04 1.148797749999999951e+00
5.959183673469388605e-04 1.185443170000000102e+00
6.142857142857143481e-04 1.222117509999999907e+00
6.326530612244898356e-04 1.258509730000000104e+00
6.510204081632654316e-04 1.294965960000000083e+00
6.693877551020409192e-04 1.331398520000000030e+00
6.877551020408162984e-04 1.368090079999999986e+00
7.061224489795918944e-04 1.404681019999999947e+00
7.244897959183674904e-04 1.441289849999999984e+00
7.428571428571429779e-04 1.479095829999999889e+00
7.612244897959184655e-04 1.515637890000000043e+00
7.795918367346938447e-04 1.552277820000000030e+00
7.979591836734694407e-04 1.588881930000000109e+00
8.163265306122449282e-04 1.625510570000000099e+00
8.346938775510205242e-04 1.662074449999999981e+00
8.530612244897960118e-04 1.698675979999999974e+00
8.714285714285714994e-04 1.735329090000000019e+00
8.897959183673470954e-04 1.771911669999999939e+00
9.081632653061224745e-04 1.808531700000000075e+00
9.265306122448980705e-04 1.846400260000000015e+00
9.448979591836735581e-04 1.883148519999999992e+00
9.632653061224490457e-04 1.919760469999999941e+00
9.816326530612245332e-04 1.956249619999999911e+00
1.000000000000000021e-03 1.992856839999999963e+00
