# current (A), Resitance (a.u.)
1.000000000000000048e-04 -9.894875880000000845e-04
2.000000000000000096e-04 -1.009627849999999993e-03
3.000000000000000279e-04 -9.948148700000001080e-04
4.000000000000000192e-04 -1.019988369999999924e-03
5.000000000000000104e-04 -1.024192649999999946e-03
6.000000000000000559e-04 -9.850360030000001026e-04
7.000000000000001013e-04 -1.037142900000000102e-03
8.000000000000000383e-04 -1.030292549999999897e-03
9.000000000000000838e-04 -1.048562179999999993e-03
1.000000000000000021e-03 -1.020965850000000053e-03
1.100000000000000066e-03 -1.038929760000000067e-03
1.200000000000000112e-03 -9.907079209999999653e-04
1.300000000000000157e-03 -1.057298520000000009e-03
1.400000000000000203e-03 -1.015376539999999920e-03
1.500000000000000031e-03 -1.004305939999999972e-03
1.600000000000000077e-03 -9.962062149999999228e-04
1.700000000000000122e-03 -1.028351849999999904e-03
1.800000000000000168e-03 -1.082220719999999999e-03
1.900000000000000213e-03 -1.052212899999999942e-03
2.000000000000000042e-03 -1.002195709999999977e-03
2.100000000000000304e-03 -1.042128220000000010e-03
2.200000000000000133e-03 -1.060591880000000004e-03
2.300000000000000395e-03 -1.095686220000000001e-03
2.400000000000000223e-03 -1.078696259999999910e-03
2.500000000000000052e-03 -1.129274439999999966e-03
2.600000000000000314e-03 -1.173869190000000019e-03
2.700000000000000143e-03 -1.194197340000000083e-03
2.800000000000000405e-03 -1.235517050000000012e-03
2.900000000000000234e-03 -1.203672820000000008e-03
3.000000000000000062e-03 -1.166816879999999943e-03
3.100000000000000325e-03 -1.116670470000000019e-03
3.200000000000000153e-03 -1.203093170000000102e-03
3.300000000000000416e-03 -1.100499889999999922e-03
3.400000000000000244e-03 -8.018731199999999931e-04
3.500000000000000073e-03 -6.678234909999999957e-04
3.600000000000000335e-03 -6.502719140000000429e-04
3.700000000000000164e-03 -5.459584590000000426e-04
3.800000000000000426e-03 -5.438367149999999775e-04
3.900000000000000255e-03 -5.395594429999999667e-04
4.000000000000000083e-03 -5.083957100000000093e-04
4.100000000000000346e-03 -4.914940319999999609e-04
4.200000000000000608e-03 -4.783162720000000033e-04
4.300000000000000003e-03 -5.114767359999999527e-04
4.400000000000000265e-03 -4.945652409999999914e-04
4.500000000000000527e-03 -4.347790559999999854e-04
4.600000000000000790e-03 -4.585955150000000117e-04
4.700000000000000185e-03 -4.549300929999999907e-04
4.800000000000000447e-03 -4.488690300000000035e-04
4.900000000000000709e-03 -4.685769750000000149e-04
5.000000000000000104e-03 -4.153609810000000180e-04
