# current (A), Resitance (a.u.)
1.000000000000000048e-04 -5.923455679999999881e-04
1.183673469387755195e-04 -5.838712889999999505e-04
1.367346938775510206e-04 -6.106968459999999625e-04
1.551020408163265624e-04 -5.761699950000000008e-04
1.734693877551020500e-04 -6.134387419999999666e-04
1.918367346938775646e-04 -6.185676910000000462e-04
2.102040816326531064e-04 -6.328185210000000305e-04
2.285714285714285940e-04 -6.378823110000000473e-04
2.469387755102041087e-04 -5.898236239999999535e-04
2.653061224489795963e-04 -5.867979970000000408e-04
2.836734693877551380e-04 -6.969814650000000396e-04
3.020408163265306256e-04 -6.629775230000000026e-04
3.204081632653062216e-04 -5.888715869999999655e-04
3.387755102040816550e-04 -5.329290550000000170e-04
3.571428571428571968e-04 -5.937903279999999550e-04
3.755102040816326843e-04 -6.264015099999999765e-04
3.938775510204081719e-04 -6.048476699999999701e-04
4.122448979591837679e-04 -5.802630339999999970e-04
4.306122448979592013e-04 -5.891283930000000167e-04
4.489795918367347431e-04 -5.816718109999999796e-04
4.673469387755102848e-04 1.196669019999999951e-02
4.857142857142857182e-04 1.414999249999999986e-02
5.040816326530613142e-04 1.601611290000000062e-02
5.224489795918368018e-04 1.840261870000000147e-02
5.408163265306122893e-04 2.128921079999999966e-02
5.591836734693878853e-04 2.403920810000000075e-02
5.775510204081632645e-04 2.707408949999999884e-02
5.959183673469388605e-04 3.056609370000000145e-02
6.142857142857143481e-04 3.499246529999999744e-02
6.326530612244898356e-04 4.263281220000000177e-02
6.510204081632654316e-04 1.294963890000000006e+00
6.693877551020409192e-04 1.331336019999999953e+00
6.877551020408162984e-04 1.367945909999999987e+00
7.061224489795918944e-04 1.404581190000000035e+00
7.244897959183674904e-04 1.441132180000000096e+00
7.428571428571429779e-04 1.478899890000000106e+00
7.612244897959184655e-04 1.515631009999999890e+00
7.795918367346938447e-04 1.552137969999999978e+00
7.979591836734694407e-04 1.588673240000000098e+00
8.163265306122449282e-04 1.625262640000000092e+00
8.346938775510205242e-04 1.661894109999999980e+00
8.530612244897960118e-04 1.698612859999999891e+00
8.714285714285714994e-04 1.735214510000000043e+00
8.897959183673470954e-04 1.771768379999999921e+00
9.081632653061224745e-04 1.808404579999999928e+00
9.265306122448980705e-04 1.846173779999999987e+00
9.448979591836735581e-04 1.882949180000000000e+00
9.632653061224490457e-04 1.919596829999999921e+00
9.816326530612245332e-04 1.956078650000000030e+00
1.000000000000000021e-03 1.992559179999999985e+00
