# current (A), Resitance (a.u.)
1.000000000000000048e-04 -1.579209529999999926e-04
2.000000000000000096e-04 -1.931488779999999896e-04
3.000000000000000279e-04 -2.174508359999999935e-04
4.000000000000000192e-04 -2.663471249999999914e-04
5.000000000000000104e-04 -2.823067419999999799e-04
6.000000000000000559e-04 -3.352156990000000072e-04
7.000000000000001013e-04 -3.746348250000000016e-04
8.000000000000000383e-04 -4.046918380000000042e-04
9.000000000000000838e-04 -4.268457600000000228e-04
1.000000000000000021e-03 -4.873558470000000022e-04
1.100000000000000066e-03 -5.229197519999999755e-04
1.200000000000000112e-03 -5.471328320000000151e-04
1.300000000000000157e-03 -6.027765379999999815e-04
1.400000000000000203e-03 -6.446485450000000433e-04
1.500000000000000031e-03 -6.801524090000000489e-04
1.600000000000000077e-03 -7.263176299999999546e-04
1.700000000000000122e-03 -7.633218800000000264e-04
1.800000000000000168e-03 -9.290131870000000293e-04
1.900000000000000213e-03 -9.649714719999999716e-04
2.000000000000000042e-03 -9.939700149999999932e-04
2.100000000000000304e-03 -1.069207530000000021e-03
2.200000000000000133e-03 -1.108665229999999946e-03
2.300000000000000395e-03 -1.174493030000000075e-03
2.400000000000000223e-03 -1.200227959999999958e-03
2.500000000000000052e-03 -1.285501870000000085e-03
2.600000000000000314e-03 -1.355000180000000016e-03
2.700000000000000143e-03 -1.387797920000000086e-03
2.800000000000000405e-03 -1.471683629999999974e-03
2.900000000000000234e-03 -1.488230390000000068e-03
3.000000000000000062e-03 -1.594695570000000031e-03
3.100000000000000325e-03 -1.618271710000000101e-03
3.200000000000000153e-03 -8.380634379999999869e-04
3.300000000000000416e-03 -8.368106599999999709e-04
3.400000000000000244e-03 -8.370157730000000367e-04
3.500000000000000073e-03 -8.379682470000000133e-04
3.600000000000000335e-03 -8.377959970000000388e-04
3.700000000000000164e-03 -8.368548549999999930e-04
3.800000000000000426e-03 -8.373840709999999781e-04
3.900000000000000255e-03 -8.377059059999999611e-04
4.000000000000000083e-03 -8.385070950000000000e-04
4.100000000000000346e-03 -8.364032660000000159e-04
4.200000000000000608e-03 -8.365363210000000471e-04
4.300000000000000003e-03 -8.364156330000000394e-04
4.400000000000000265e-03 -8.359640439999999539e-04
4.500000000000000527e-03 -8.355776150000000357e-04
4.600000000000000790e-03 -8.351554889999999662e-04
4.700000000000000185e-03 -8.359238140000000263e-04
4.800000000000000447e-03 -8.344993530000000470e-04
4.900000000000000709e-03 -8.353292430000000025e-04
5.000000000000000104e-03 -8.346998299999999890e-04
