# current (A), Resitance (a.u.)
1.000000000000000048e-04 -1.073503560000000105e-03
2.000000000000000096e-04 -1.023816060000000069e-03
3.000000000000000279e-04 -1.067237410000000056e-03
4.000000000000000192e-04 -1.068570690000000085e-03
5.000000000000000104e-04 -1.095892810000000019e-03
6.000000000000000559e-04 -1.070995439999999910e-03
7.000000000000001013e-04 -9.839243289999999396e-04
8.000000000000000383e-04 -1.033635049999999996e-03
9.000000000000000838e-04 -1.035541739999999928e-03
1.000000000000000021e-03 -1.023947689999999940e-03
1.100000000000000066e-03 -1.039450240000000048e-03
1.200000000000000112e-03 -1.015731090000000043e-03
1.300000000000000157e-03 -1.025956759999999959e-03
1.400000000000000203e-03 -1.064296109999999943e-03
1.500000000000000031e-03 -1.009134799999999912e-03
1.600000000000000077e-03 -9.590002779999999734e-04
1.700000000000000122e-03 -1.040177289999999911e-03
1.800000000000000168e-03 -9.979009679999999508e-04
1.900000000000000213e-03 -1.021316260000000023e-03
2.000000000000000042e-03 -1.009142580000000049e-03
2.100000000000000304e-03 -1.004645420000000030e-03
2.200000000000000133e-03 -9.796946220000000375e-04
2.300000000000000395e-03 -1.005940130000000004e-03
2.400000000000000223e-03 -9.170584290000000213e-04
2.500000000000000052e-03 -9.938344599999999768e-04
2.600000000000000314e-03 -9.579593730000000081e-04
2.700000000000000143e-03 -1.004519140000000033e-03
2.800000000000000405e-03 -1.001955780000000039e-03
2.900000000000000234e-03 -1.040487149999999930e-03
3.000000000000000062e-03 -1.038256900000000078e-03
3.100000000000000325e-03 -1.040104060000000006e-03
3.200000000000000153e-03 -1.003708249999999942e-03
3.300000000000000416e-03 -1.014851690000000053e-03
3.400000000000000244e-03 -1.014396699999999896e-03
3.500000000000000073e-03 -1.020657770000000077e-03
3.600000000000000335e-03 -1.035257610000000095e-03
3.700000000000000164e-03 -9.999361130000000795e-04
3.800000000000000426e-03 -1.002062609999999909e-03
3.900000000000000255e-03 -9.782245629999998960e-04
4.000000000000000083e-03 -1.050783320000000035e-03
4.100000000000000346e-03 -9.400014210000000401e-04
4.200000000000000608e-03 -1.006436110000000087e-03
4.300000000000000003e-03 -9.489838269999999795e-04
4.400000000000000265e-03 -9.712726770000000261e-04
4.500000000000000527e-03 -9.863546620000000070e-04
4.600000000000000790e-03 -9.954992309999998942e-04
4.700000000000000185e-03 -1.012622809999999931e-03
4.800000000000000447e-03 -1.009555029999999968e-03
4.900000000000000709e-03 -1.053596159999999971e-03
5.000000000000000104e-03 -1.030343080000000085e-03
