# current (A), Resitance (a.u.)
1.000000000000000048e-04 -6.392506370000000313e-03
1.285714285714285757e-04 -6.565269559999999810e-03
1.571428571428571601e-04 -5.987143549999999863e-03
1.857142857142857174e-04 -5.797563329999999918e-03
2.142857142857143289e-04 -6.528846649999999613e-03
2.428571428571428591e-04 -6.388853990000000274e-03
2.714285714285714435e-04 -6.181183720000000409e-03
3.000000000000000279e-04 -6.021143760000000067e-03
3.285714285714286123e-04 -6.140208079999999978e-03
3.571428571428571968e-04 -6.435435290000000343e-03
3.857142857142857270e-04 -6.761125780000000127e-03
4.142857142857143656e-04 -6.727135329999999955e-03
4.428571428571428958e-04 -6.882035560000000253e-03
4.714285714285714802e-04 -6.275269540000000430e-03
5.000000000000000104e-04 -5.794066310000000122e-03
5.285714285714287032e-04 -5.681567890000000128e-03
5.571428571428571792e-04 -6.128028879999999727e-03
5.857142857142857637e-04 -6.150069799999999601e-03
6.142857142857143481e-04 -6.303478829999999665e-03
6.428571428571428241e-04 -5.980137449999999889e-03
6.714285714285714085e-04 -6.007030529999999625e-03
7.000000000000001013e-04 -6.097679299999999615e-03
7.285714285714286857e-04 -5.844629480000000307e-03
7.571428571428572701e-04 -5.940848609999999606e-03
7.857142857142857461e-04 -6.157409219999999961e-03
8.142857142857143305e-04 -6.160108559999999574e-03
8.428571428571430234e-04 -6.306030280000000411e-03
8.714285714285714994e-04 -6.589425480000000133e-03
9.000000000000000838e-04 -6.297477230000000058e-03
9.285714285714286682e-04 -6.594448789999999595e-03
9.571428571428572526e-04 -6.286703690000000101e-03
9.857142857142857286e-04 -6.209871819999999813e-03
1.014285714285714313e-03 -5.842273910000000091e-03
1.042857142857142897e-03 -5.932852330000000160e-03
1.071428571428571482e-03 -5.788832300000000368e-03
1.100000000000000066e-03 -5.756106549999999954e-03
1.128571428571428651e-03 -6.062036790000000126e-03
1.157142857142857235e-03 -6.048077229999999742e-03
1.185714285714285820e-03 -6.349392799999999983e-03
1.214285714285714404e-03 3.805998939999999831e+00
1.242857142857142988e-03 3.794410529999999948e+00
1.271428571428571573e-03 3.787905380000000211e+00
1.300000000000000157e-03 3.783167300000000122e+00
1.328571428571428742e-03 3.780012880000000131e+00
1.357142857142857326e-03 3.776956269999999893e+00
1.385714285714285910e-03 3.774401189999999850e+00
1.414285714285714495e-03 3.772493480000000066e+00
1.442857142857142862e-03 3.770661179999999835e+00
1.471428571428571447e-03 3.768866710000000175e+00
1.500000000000000031e-03 3.767289330000000103e+00
